200
1 (14, 25): 93
2 (11, 19): 60
3 (12, 4): 62
4 (80, 30): 9
5 (25, 99): 58
6 (78, 3): 82
7 (9, 81): 168
8 (44, 88): 235
9 (20, 67): 114, 198
10 (54, 29): 131, 53
11 (58, 88): 6, 166
12 (97, 16): 153
13 (76, 25): 163
14 (95, 26): 2, 208
15 (70, 22): 167, 213
16 (94, 89): 86
17 (11, 86): 69, 104
18 (81, 82): 141
19 (80, 89): 139, 84
20 (14, 94): 11, 86
21 (8, 4): 35, 178
22 (32, 4): 12
23 (17, 42): 96
24 (12, 48): 169
25 (30, 19): 10, 17, 171, 40, 78
26 (18, 16): 32, 175, 203
27 (13, 50): 56
28 (52, 62): 129, 126
29 (4, 1): 92, 118, 63
30 (56, 77): 180
31 (67, 35): 173
32 (2, 27): 47, 205, 29
33 (78, 60): 115
34 (86, 80): 217
35 (3, 92): 72
36 (59, 4): 33
37 (38, 80): 193, 48, 99
38 (66, 94): 4, 204
39 (84, 79): 9, 37, 58, 14
40 (16, 4): 147
41 (10, 12): 77, 168
42 (9, 47): 130
43 (38, 47): 52
44 (35, 19): 142
45 (74, 57): 10
46 (5, 94): 229, 210
47 (91, 15): 24
48 (35, 51): 66
49 (65, 20): 176, 7, 116, 148, 67
50 (67, 58): 197, 199
51 (38, 11): 241, 190, 73, 166, 62
52 (54, 76): 244, 134, 237
53 (41, 37): 105, 89, 63
54 (62, 2): 128
55 (89, 63): 103, 92
56 (6, 64): 5, 209, 39
57 (4, 61): 71, 26, 63
58 (48, 90): 67
59 (64, 9): 63, 180
60 (35, 48): 46, 241
61 (95, 35): 79
62 (31, 21): 71
63 (56, 67): 89, 209, 223
64 (2, 13): 11
65 (2, 49): 117
66 (48, 19): 45
67 (64, 11): 96
68 (83, 24): 72
69 (6, 83): 46, 163, 78
70 (85, 54): 14
71 (55, 14): 42, 57
72 (58, 32): 224
73 (26, 83): 42
74 (4, 54): 87
75 (51, 6): 128
76 (71, 78): 76
77 (1, 91): 209
78 (3, 53): 42
79 (8, 20): 156
80 (67, 76): 113, 22
81 (6, 70): 95, 113
82 (57, 30): 82, 170, 117, 4
83 (77, 63): 93
84 (53, 40): 175
85 (24, 88): 118
86 (25, 29): 164
87 (60, 34): 127, 89, 46
88 (41, 32): 84
89 (3, 68): 237, 212, 70
90 (43, 50): 64
91 (12, 45): 189, 128
92 (72, 85): 22
93 (85, 20): 7, 229
94 (11, 93): 52, 229
95 (62, 5): 82
96 (50, 33): 242, 196
97 (100, 71): 27
98 (13, 30): 79, 94
99 (4, 88): 99
100 (41, 7): 217
101 (16, 15): 59
102 (89, 71): 192, 71
103 (84, 48): 21
104 (36, 49): 94
105 (44, 17): 75
106 (69, 62): 183, 74, 75
107 (88, 3): 242, 146, 59, 97, 227
108 (5, 51): 121
109 (36, 72): 19, 28
110 (53, 97): 161
111 (34, 60): 158
112 (66, 31): 40, 233
113 (79, 94): 102
114 (81, 30): 76, 125
115 (84, 74): 118, 183
116 (2, 56): 79
117 (85, 35): 240
118 (20, 96): 141
119 (96, 39): 110
120 (20, 72): 248
121 (57, 50): 244
122 (28, 87): 157, 216
123 (26, 64): 165, 55, 176
124 (8, 95): 33
125 (61, 59): 101
126 (49, 54): 204
127 (11, 57): 60
128 (14, 79): 101
129 (43, 78): 38
130 (89, 58): 93
131 (6, 81): 89, 225
132 (61, 11): 59, 159, 74, 236
133 (57, 89): 232
134 (58, 46): 37
135 (21, 67): 184
136 (63, 25): 239, 136, 19, 206
137 (32, 47): 27, 41
138 (50, 5): 102
139 (76, 64): 80, 225
140 (27, 95): 71
141 (49, 79): 93
142 (96, 29): 70, 106, 215, 56
143 (64, 34): 41
144 (88, 53): 192
145 (96, 17): 36
146 (24, 27): 31
147 (41, 3): 81
148 (83, 11): 90, 161
149 (30, 33): 242
150 (89, 23): 157, 21
151 (89, 5): 16
152 (64, 10): 155
153 (40, 55): 71, 90
154 (36, 85): 194
155 (90, 69): 234, 224
156 (33, 69): 33
157 (36, 29): 158
158 (100, 2): 28
159 (47, 41): 210
160 (23, 34): 194
161 (92, 12): 55
162 (38, 26): 161, 209, 17, 132
163 (78, 90): 173, 184
164 (43, 44): 181
165 (54, 4): 215
166 (15, 33): 145, 178, 102
167 (24, 70): 18
168 (56, 71): 236
169 (74, 32): 14
170 (10, 66): 44, 70
171 (13, 61): 160
172 (100, 8): 16
173 (3, 49): 17
174 (76, 74): 132
175 (11, 54): 68
176 (75, 73): 182
177 (83, 89): 122
178 (59, 56): 87, 211, 113
179 (86, 93): 195, 105
180 (54, 5): 154, 54
181 (22, 94): 79, 14, 148
182 (33, 23): 10
183 (54, 78): 147, 247, 80, 211
184 (47, 99): 180, 69
185 (55, 55): 19, 82, 199
186 (68, 26): 184, 221
187 (50, 64): 188
188 (17, 77): 105
189 (85, 4): 172, 176
190 (4, 92): 155
191 (75, 98): 205
192 (89, 66): 38, 238, 182, 144
193 (58, 14): 143
194 (75, 18): 112, 31, 84, 29
195 (19, 100): 76
196 (70, 27): 246, 229
197 (56, 61): 99
198 (27, 75): 69
199 (10, 31): 164
200 (66, 29): 84, 136
